1.0
















































































































































































































































0.005346564111567072


0.44402055288849207


0.09499308169722331


0.20648313120700987


0.9897043277334528


0.9556766516520896


0.9496568851845584


0.5324610734892942


0.19842608649023405


0.3639601630538592


0.7830857675453642


0.5518529953501405


0.6450808090933432


0.7727604990878082


0.2922305424400615


0.47003620656224915


0.9999999999999999


0.5841932188891197


0.24864223995359425


0.6978313733098925


0.7668591175089522


0.6187990036820377


0.5408090193356618


0.8113999238031777


0.4794806597915277


0.5446971664625991


0.6922237965346765


0.21595699597188314


0.5593183919185121


0.8614115392647663


0.655553198910893


0.8478621294067485


0.3277522159494516


0.23059839504254342


0.6450808090933432


0.49469909307364673


0.08672330306429335


0.8835667210299456


0.01390094698545773


0.34380784803977865


0.7252248155274793


0.389561367420515


0.4794806597915277


0.2922305424400615


0.3052254900220265


0.99556853059857


0.2922305424400615


0.5408090193356618


0.17232762995030995


0.9556766516520896


0.6400579503032015


0.9063711788326124


0.5723409518258542


0.655553198910893


0.8720116830455704


0.8201666007510666


0.44402055288849207


0.5125034507077493


0.9144674255979703


0.5324610734892942


0.9496568851845584


0.7727604990878082


0.4794806597915277


0.49469909307364673


0.4895487790920897


0.273784863957625


0.9383717053434655


0.6009033232242745


0.10154977117314595


0.9207836264216771


0.7830857675453642


0.08672330306429335


0.6400579503032015


0.43209862863085086


0.7320149911073799


0.25521921246376633


0.8929598526367659


0.25521921246376633


0.5841932188891197


0.7727604990878082


0.3170005507034056


0.7921916127586508


0.33603208898134024


0.9718533467173245


0.687012438784585


0.28430153262424773


0.5841932188891197


0.2922305424400615


0.46177359442569643


0.6301371684958292


0.3809243880175539


0.24864223995359425


0.7184486567377664


0.08011011101036383


0.6301371684958292


0.9564333370475167


0.9897043277334528


0.47003620656224915


0.4895487790920897


0.5260403885010879


0.03546305513149858


0.389561367420515


0.7727604990878082


0.3549110625459215


0.7976315759421058


0.7616216190068106


0.9930431660876812


0.11033460938497822


0.5185086583858454


0.25521921246376633


0.8981060019125621


0.19842608649023405


0.747399911399302


0.3170005507034056


0.14956778150821814


0.3277522159494516


0.9897043277334528


0.6400579503032015


0.23059839504254342


0.5324610734892942


0.7668591175089522


0.19842608649023405


0.9383717053434655


0.5593183919185121


0.8876803614194545


0.9144674255979703


0.6301371684958292


0.9303151607688239


0.322418139784259


0.389561367420515


0.5260403885010879


0.11033460938497822


0.14956778150821814


0.44402055288849207


0.12800776440145378


0.8929598526367659


0.07341640680027495


0.8835667210299456


0.273784863957625


0.33603208898134024


0.46177359442569643


0.5946862437381112


0.687012438784585


0.23814258309406916


0.1679178584522679


0.966272675332998


0.41492502436021284


0.8614115392647663


0.06682020168979552


0.966272675332998


0.43735329468614725


0.34380784803977865


0.6400579503032015


0.9790100891370055


0.03546305513149858


0.23059839504254342


0.3170005507034056


0.1679178584522679


0.9303151607688239


0.99556853059857


0.7568206978528174


0.6450808090933432


0.7050810288808529


0.8835667210299456


0.7830857675453642


0.5841932188891197


0.273784863957625


0.01905135007171836


0.24864223995359425


0.7096435653838241


0.17232762995030995


0.7252248155274793


0.6124393492171181


0.8201666007510666


0.44402055288849207


0.389561367420515


0.36504203083052156


0.3809243880175539


0.9207836264216771


0.6709729760621329


0.17232762995030995


0.747399911399302


0.2922305424400615


0.8564992066209066


0.8720116830455704


0.1805002420384883


0.9144674255979703


0.389561367420515


0.41492502436021284


0.6301371684958292


0.8478621294067485


0.21595699597188314


0.43209862863085086


0.41492502436021284


0.7547767628192757


0.25521921246376633


0.1805002420384883


0.7921916127586508


0.687012438784585


0.2922305424400615


0.19842608649023405


0.9063711788326124


0.3639601630538592


0.747399911399302


0.7252248155274793


0.8835667210299456


0.08672330306429335


0.9303151607688239


0.3953582921844501


0.14956778150821814


0.061863567501337896


0.9144674255979703


0.005346564111567072


0.5946862437381112


0.5125034507077493


0.5518529953501405


0.14020700858068308


0.6301371684958292


0.5185086583858454


0.6124393492171181


0.6301371684958292


0.7184486567377664


0.33603208898134024


0.24864223995359425


0.8614115392647663


0.747399911399302


0.5408090193356618


0.5518529953501405


0.11716344334403518


0.5068372265375976


0.3549110625459215


0.7727604990878082


0.3170005507034056


0.4512346247430585


0.11033460938497822


0.43735329468614725


0.9790100891370055


0.6709729760621329


0.4512346247430585


0.6124393492171181


0.9144674255979703


0.07341640680027495


0.6978313733098925


0.8720116830455704


0.9496568851845584


0.273784863957625


0.5946862437381112


0.7547767628192757


0.02882124173744726


0.8253981765942936


0.5841932188891197


0.43209862863085086


0.2922305424400615


0.5446971664625991


0.09499308169722331


0.9144674255979703


0.11716344334403518


0.19007289870093796


0.43209862863085086


0.29874345673718483


0.7830857675453642


0.620198962086996


0.24864223995359425


0.966272675332998


0.49469909307364673


0.14020700858068308


0.655553198910893


0.5658789178625674


0.01905135007171836


0.9790100891370055


0.7830857675453642


0.061863567501337896


0.5518529953501405


0.43735329468614725


0.43209862863085086


0.8478621294067485


0.7830857675453642


0.5068372265375976


0.4895487790920897


0.43735329468614725


0.15736785441105466


0.6450808090933432


0.8835667210299456


0.8676105202428555


0.620198962086996


0.5593183919185121


0.49469909307364673


0.5068372265375976


0.3549110625459215


0.3052254900220265


0.4208950202701583


0.8339262564771284


0.14956778150821814


0.044772628836922644


0.3549110625459215


0.3655992192135612


0.687012438784585


0.9383717053434655


0.7921916127586508


0.747399911399302


0.7568206978528174


0.9303151607688239


0.41492502436021284


0.17232762995030995


0.3769024412468784


0.6009033232242745


0.4512346247430585


0.6811606329227468


0.23059839504254342


0.07341640680027495


0.43735329468614725


0.3549110625459215


0.7668591175089522


0.7976315759421058


0.12800776440145378


0.41492502436021284


0.4794806597915277


0.089764667695409


0.6009033232242745


0.5518529953501405


0.044772628836922644


0.46177359442569643


0.9496568851845584


0.19842608649023405


0.08672330306429335


0.3769024412468784


0.7830857675453642


0.3549110625459215


0.15736785441105466


0.9303151607688239


0.21595699597188314


0.5841932188891197


0.5658789178625674


0.6301371684958292


0.5068372265375976


0.7184486567377664


0.29874345673718483


0.46177359442569643


0.5841932188891197


0.11716344334403518


0.20648313120700987


0.747399911399302


0.3639601630538592


0.19842608649023405


0.051306783119866986


0.9897043277334528


0.2668867730500267


0.7668591175089522


0.09499308169722331


0.9790100891370055


0.7976315759421058


0.20648313120700987


0.43735329468614725


0.08011011101036383


0.7976315759421058


0.061863567501337896


0.34380784803977865


0.2922305424400615


0.8321694789588582


0.4794806597915277


0.7976315759421058


0.1679178584522679


0.8614115392647663


0.8981060019125621


0.47003620656224915


0.9897043277334528


0.8676105202428555


0.43209862863085086


0.089764667695409


0.5841932188891197


0.9897043277334528


0.24864223995359425


0.02882124173744726


0.3809243880175539


0.48022188803709664


0.08672330306429335


0.23814258309406916


0.5593183919185121


0.07341640680027495


0.8339262564771284


0.7547767628192757


0.966272675332998


0.34380784803977865


0.4794806597915277


0.9063711788326124


0.5946862437381112


0.9897043277334528


0.28430153262424773


0.1679178584522679


0.3769024412468784


0.273784863957625


0.8321694789588582


0.4794806597915277


0.389561367420515


0.9144674255979703


0.3277522159494516


0.9496568851845584


0.29874345673718483


0.3809243880175539


0.8564992066209066


0.061863567501337896


0.061863567501337896


0.6811606329227468


0.9897043277334528


0.5658789178625674


0.687012438784585


0.1805002420384883


0.220694998158794


0.36504203083052156


0.2668867730500267


0.5946862437381112


0.14020700858068308


0.20648313120700987


0.47003620656224915


0.08011011101036383


0.9207836264216771


0.8835667210299456


0.19007289870093796


0.8201666007510666


0.49469909307364673


0.6978313733098925


0.23059839504254342


0.5841932188891197


0.6978313733098925


0.7976315759421058


0.8407103647508111


0.8835667210299456


0.6301371684958292


0.6450808090933432


0.9063711788326124


0.34380784803977865


0.1805002420384883


0.9144674255979703


0.44402055288849207


0.3052254900220265


0.4512346247430585


0.2922305424400615


0.12800776440145378


0.5185086583858454


0.7921916127586508


0.43735329468614725


0.1679178584522679


0.9207836264216771


0.5841932188891197


0.322418139784259


0.4794806597915277


0.6187990036820377


0.655553198910893


0.13377749070960931


0.061863567501337896


0.8676105202428555


0.21595699597188314


0.3052254900220265


0.11033460938497822


0.02882124173744726


0.5658789178625674


0.273784863957625


0.8835667210299456


0.6400579503032015


0.9718533467173245


0.6657219387972709


0.7727604990878082


0.7616216190068106


0.5408090193356618


0.28430153262424773


0.1679178584522679


0.3052254900220265


0.5518529953501405


0.5841932188891197


0.3277522159494516


0.28430153262424773


0.9897043277334528


0.389561367420515


0.220694998158794


0.23814258309406916


0.02882124173744726


0.7668591175089522


0.8594517259816897


0.7050810288808529


0.8676105202428555


0.8835667210299456


0.655553198910893


0.5068372265375976


0.804821140898119


0.9999999999999999


0.29874345673718483


0.4794806597915277


0.3769024412468784


0.8407103647508111


0.9897043277334528


0.8113999238031777


0.7976315759421058


0.9790100891370055


0.1679178584522679


0.3052254900220265


0.21595699597188314


0.8720116830455704


0.6301371684958292


0.34380784803977865


0.2922305424400615


0.10154977117314595


0.2668867730500267


0.5593183919185121


0.24864223995359425


0.7976315759421058


0.44402055288849207


0.5324610734892942


0.08672330306429335


0.12800776440145378


0.4512346247430585


0.7668591175089522


0.7547767628192757


0.8113999238031777


0.41492502436021284


0.9383717053434655


0.6450808090933432


0.2587558779824658


0.389561367420515


0.5408090193356618


0.23814258309406916


0.5068372265375976


0.655553198910893


0.01390094698545773


0.5841932188891197


0.6124393492171181


0.5518529953501405


0.14956778150821814


0.5260403885010879


0.04132946415805096


0.3953582921844501


0.12800776440145378


0.9303151607688239


0.25521921246376633


0.6657219387972709


0.5946862437381112


0.12800776440145378


0.6124393492171181


0.02882124173744726


0.46177359442569643


0.6009033232242745


0.7547767628192757


0.6922237965346765


0.48022188803709664


0.15736785441105466


0.5841932188891197


0.7976315759421058


0.8253981765942936


0.8929598526367659


0.14956778150821814


0.36504203083052156


0.7921916127586508


0.7921916127586508


0.8564992066209066


0.23814258309406916


0.19007289870093796


0.7320149911073799


0.9303151607688239


0.20648313120700987


0.11716344334403518


0.5125034507077493


0.6709729760621329


0.7096435653838241


0.7830857675453642


0.322418139784259


0.8720116830455704


0.389561367420515


0.12800776440145378


0.44402055288849207


0.7830857675453642


0.8478621294067485


0.28430153262424773


0.9496568851845584


0.7921916127586508


0.19842608649023405


0.9063711788326124


0.31036810717745816


0.28430153262424773


0.6450808090933432


0.08672330306429335


0.99556853059857


0.47003620656224915


0.6922237965346765


0.14020700858068308


0.3549110625459215


0.9303151607688239


0.5125034507077493


0.3769024412468784


0.1805002420384883


0.7921916127586508


0.6744068392072119


0.11716344334403518


0.7668591175089522


0.6301371684958292


0.47003620656224915


0.15736785441105466


0.5841932188891197


0.4895487790920897


0.8594517259816897


0.5260403885010879


0.43735329468614725


0.7357397539640647


0.8929598526367659


0.23059839504254342


0.3769024412468784


0.8407103647508111


0.4512346247430585


0.9383717053434655


0.14956778150821814


0.1679178584522679


0.7921916127586508


0.12800776440145378


0.7096435653838241


0.051306783119866986


0.46177359442569643


0.9144674255979703


0.41492502436021284


0.5125034507077493


0.11033460938497822


0.7830857675453642


0.8614115392647663


0.005346564111567072


0.06682020168979552


0.9496568851845584


0.6657219387972709


0.33603208898134024


0.6301371684958292


0.322418139784259


0.21595699597188314


0.273784863957625


0.8201666007510666


0.2922305424400615


0.44402055288849207


0.6811606329227468


0.49469909307364673


0.25521921246376633


0.9718533467173245


0.49469909307364673


0.7547767628192757


0.5518529953501405


0.8676105202428555


0.5324610734892942


0.4794806597915277


0.6009033232242745


0.1805002420384883


0.5841932188891197


0.6400579503032015


0.4794806597915277


0.5125034507077493


0.4208950202701583


0.43209862863085086


0.9303151607688239


0.28430153262424773


0.5408090193356618


0.5068372265375976


0.9556766516520896


0.4794806597915277


0.02882124173744726


0.9718533467173245


0.6709729760621329


0.23059839504254342


0.17232762995030995


0.8113999238031777


0.389561367420515


0.7830857675453642


0.5185086583858454


0.01905135007171836


0.1805002420384883


0.14956778150821814


0.7976315759421058


0.5068372265375976


0.1679178584522679


0.47003620656224915


0.7357397539640647


0.41492502436021284


0.687012438784585


0.4512346247430585


0.7184486567377664


0.13377749070960931


0.7184486567377664


0.44402055288849207


0.46177359442569643


0.9144674255979703


0.9556766516520896


0.02882124173744726


0.3639601630538592


0.6709729760621329


0.5841932188891197


0.9790100891370055


0.6811606329227468


0.10154977117314595


0.5946862437381112


0.19842608649023405


0.6709729760621329


0.747399911399302


0.6978313733098925


0.14956778150821814


0.1679178584522679


0.9496568851845584


0.13377749070960931


0.07341640680027495


0.5658789178625674


0.13377749070960931


0.7568206978528174


0.7184486567377664


0.4044367623143352


0.3277522159494516


0.655553198910893


0.09499308169722331


0.6187990036820377


0.41492502436021284


0.11033460938497822


0.47003620656224915


0.3953582921844501


0.051306783119866986


0.5946862437381112


0.9207836264216771


0.6301371684958292


0.8564992066209066


0.6922237965346765


0.08672330306429335


0.9790100891370055


0.9303151607688239


0.6400579503032015


0.8478621294067485


0.3639601630538592


0.06682020168979552


0.7184486567377664


0.9383717053434655


0.15736785441105466


0.061863567501337896


0.28430153262424773


0.46177359442569643


0.25521921246376633


0.1679178584522679


0.005346564111567072


0.3639601630538592


0.08672330306429335


0.99556853059857


0.5841932188891197


0.21595699597188314


0.7184486567377664


0.6811606329227468


0.11716344334403518


0.43735329468614725


0.7357397539640647


0.6400579503032015


0.8564992066209066


0.6657219387972709


0.8113999238031777


0.41492502436021284


0.2668867730500267


0.5946862437381112


0.5408090193356618


0.747399911399302


0.09499308169722331


0.44402055288849207


0.4044367623143352


0.3277522159494516


0.5185086583858454


0.061863567501337896


0.7668591175089522


0.20648313120700987


0.12800776440145378


0.19007289870093796


0.12800776440145378


0.5408090193356618


0.6728814548715696


0.8835667210299456


0.5518529953501405


0.10154977117314595


0.25521921246376633


0.6124393492171181


0.3769024412468784


0.4208950202701583


0.2587558779824658


0.11033460938497822


0.33603208898134024


0.15736785441105466


0.220694998158794


0.6400579503032015


0.31036810717745816


0.24864223995359425


0.655553198910893


0.33603208898134024


0.46177359442569643


0.389561367420515


0.8929598526367659


0.9303151607688239


0.14956778150821814


0.41492502436021284


0.8407103647508111


0.6009033232242745


0.4512346247430585


0.17232762995030995


0.5518529953501405


0.8720116830455704


0.5723409518258542


0.389561367420515


0.5185086583858454


0.4208950202701583


0.32880723371337806


0.9207836264216771


0.9790100891370055


0.03546305513149858


0.4512346247430585


0.9790100891370055


0.33603208898134024


0.7096435653838241


0.8321694789588582


0.6124393492171181


0.8478621294067485


0.9496568851845584


0.9303151607688239


0.06682020168979552


0.11716344334403518


0.33603208898134024


0.5068372265375976


0.41492502436021284


0.2922305424400615


0.7976315759421058


0.5841932188891197


0.11033460938497822


0.8201666007510666


0.8981060019125621


0.8201666007510666


0.4044367623143352


0.5324610734892942


0.12800776440145378


0.33603208898134024


0.7320149911073799


0.19842608649023405


0.9303151607688239


0.8835667210299456


0.7184486567377664


0.99556853059857


0.8564992066209066


0.9790100891370055


0.47003620656224915


0.687012438784585


0.7320149911073799


0.4895487790920897


0.9063711788326124


0.966272675332998


0.9303151607688239


0.07341640680027495


0.28430153262424773


0.13377749070960931


0.4794806597915277


0.5068372265375976


0.3639601630538592


0.46177359442569643


0.061863567501337896


0.8720116830455704


0.41492502436021284


0.655553198910893


0.8564992066209066


0.49469909307364673


0.7547767628192757


0.5723409518258542


0.6124393492171181


0.9496568851845584


0.7357397539640647


0.02882124173744726


0.44402055288849207


0.3809243880175539


0.23059839504254342


0.11033460938497822


0.49469909307364673


0.322418139784259


0.3170005507034056


0.24864223995359425


0.9303151607688239


0.8835667210299456


0.4895487790920897


0.8981060019125621


0.6009033232242745


0.6978313733098925


0.46177359442569643


0.08011011101036383


0.8478621294067485


0.9930431660876812


0.6978313733098925


0.8113999238031777


0.6922237965346765


0.9556766516520896


0.1805002420384883


0.7921916127586508


0.23059839504254342


0.28430153262424773


0.01905135007171836


0.1679178584522679


0.14020700858068308


0.061863567501337896


0.6301371684958292


0.19007289870093796


0.41492502436021284


0.9718533467173245


0.6400579503032015


0.4794806597915277


0.8876803614194545


0.99556853059857


0.7547767628192757


0.6922237965346765


0.6400579503032015


0.804821140898119


0.14956778150821814


0.061863567501337896


0.8835667210299456


0.34380784803977865


0.02882124173744726


0.9496568851845584


0.7568206978528174


0.8929598526367659


0.8720116830455704


0.6978313733098925


0.1805002420384883


0.8564992066209066


0.5324610734892942


0.9383717053434655


0.09499308169722331


0.12800776440145378


0.5841932188891197


0.9897043277334528


0.5723409518258542


0.5408090193356618


0.14956778150821814


0.5260403885010879


0.8113999238031777


0.10154977117314595


0.9144674255979703


0.28430153262424773


0.4450747308203521


0.28430153262424773


0.5518529953501405


0.3953582921844501


0.19842608649023405


0.5260403885010879


0.14956778150821814


0.5326490398471754


0.02882124173744726


0.6450808090933432


0.06682020168979552


0.7320149911073799


0.5260403885010879


0.19842608649023405


0.29874345673718483


0.9999999999999999


0.15736785441105466


0.6301371684958292


0.220694998158794


0.8981060019125621


0.9564333370475167


0.7252248155274793


0.5593183919185121


0.09499308169722331


0.005346564111567072


0.7830857675453642


0.6124393492171181


0.9144674255979703


0.23059839504254342


0.33603208898134024


0.5324610734892942


0.655553198910893


0.7547767628192757


0.8720116830455704


0.23059839504254342


0.1805002420384883


0.051306783119866986


0.3639601630538592


0.4794806597915277


0.04132946415805096


0.8929598526367659


0.6009033232242745


0.34380784803977865


0.5408090193356618


0.13377749070960931


0.8676105202428555


0.5841932188891197


0.9063711788326124


0.6301371684958292


0.9383717053434655


0.005346564111567072


0.7921916127586508


0.2922305424400615


0.99556853059857


0.34380784803977865


0.5946862437381112


0.5518529953501405


0.5324610734892942


0.14020700858068308


0.6657219387972709


0.966272675332998


0.33603208898134024


0.3639601630538592


0.8981060019125621


0.02882124173744726


0.4794806597915277


0.19842608649023405


0.7252248155274793


0.2922305424400615


